-7.8315e-11	7.8315e-11	1.8907e-10	1.8045e-10	7.8493e-11	-5.3095e-13	-1.8478e-11	-1.5081e-11	-9.3657e-12	-5.3662e-12	-3.0247e-12	-1.7232e-12	-1.0035e-12	-5.9937e-13	-3.6708e-13	-2.3004e-13	-1.471e-13	-9.5682e-14	-6.3119e-14	-4.21e-14	-2.8305e-14	-1.9121e-14	-1.2932e-14	-8.7221e-15	-5.8355e-15	-3.8465e-15	-2.4725e-15	-1.5243e-15	-8.7309e-16	-4.3075e-16	-1.3613e-16	5.3513e-17	1.6825e-16	2.2941e-16	2.5221e-16	2.4761e-16	2.2352e-16	1.8575e-16	1.3861e-16	8.5415e-17	0	-0
-7.8315e-11	7.8315e-11	1.8907e-10	1.8045e-10	7.8493e-11	-5.3095e-13	-1.8478e-11	-1.5081e-11	-9.3657e-12	-5.3662e-12	-3.0247e-12	-1.7232e-12	-1.0035e-12	-5.9937e-13	-3.6708e-13	-2.3004e-13	-1.471e-13	-9.5682e-14	-6.3119e-14	-4.21e-14	-2.8305e-14	-1.9121e-14	-1.2932e-14	-8.7221e-15	-5.8355e-15	-3.8465e-15	-2.4725e-15	-1.5243e-15	-8.7309e-16	-4.3075e-16	-1.3613e-16	5.3513e-17	1.6825e-16	2.2941e-16	2.5221e-16	2.4761e-16	2.2352e-16	1.8575e-16	1.3861e-16	8.5415e-17	2.8835e-17	-2.8835e-17
-1.1535e-10	1.1535e-10	3.0784e-10	3.6115e-10	2.2247e-10	6.3145e-11	1.1206e-11	1.9114e-12	-4.1649e-13	-9.4016e-13	-8.8564e-13	-6.8505e-13	-4.8923e-13	-3.372e-13	-2.2906e-13	-1.55e-13	-1.0503e-13	-7.1433e-14	-4.8788e-14	-3.3442e-14	-2.2974e-14	-1.5785e-14	-1.0816e-14	-7.3649e-15	-4.9577e-15	-3.2754e-15	-2.0999e-15	-1.2813e-15	-7.1527e-16	-3.2917e-16	-7.1729e-17	9.3368e-17	1.9201e-16	2.4275e-16	2.5898e-16	2.5038e-16	2.2405e-16	1.8519e-16	1.3774e-16	8.4724e-17	2.8577e-17	-2.8577e-17
-1.5581e-10	1.5581e-10	4.8545e-10	8.2963e-10	6.7574e-10	1.7574e-10	7.272e-12	1.1601e-11	6.3534e-12	2.8781e-12	1.1805e-12	4.2949e-13	1.178e-13	-1.4607e-15	-3.9922e-14	-4.632e-14	-4.1326e-14	-3.3366e-14	-2.5626e-14	-1.9115e-14	-1.398e-14	-1.0067e-14	-7.1413e-15	-4.9822e-15	-3.403e-15	-2.2569e-15	-1.4318e-15	-8.4374e-16	-4.3042e-16	-1.4569e-16	4.442e-17	1.6493e-16	2.3428e-16	2.6607e-16	2.7035e-16	2.5455e-16	2.2423e-16	1.8356e-16	1.3571e-16	8.3181e-17	2.8011e-17	-2.8011e-17
-9.3682e-11	9.3682e-11	2.6669e-10	4.0322e-10	7.3021e-10	7.3835e-10	2.3835e-10	1.5678e-12	2.9808e-12	2.335e-12	1.451e-12	8.1261e-13	4.2852e-13	2.1577e-13	1.0332e-13	4.5866e-14	1.7519e-14	4.1956e-15	-1.5513e-15	-3.5902e-15	-3.9013e-15	-3.4798e-15	-2.8118e-15	-2.1233e-15	-1.5095e-15	-1.0014e-15	-6.0062e-16	-2.9598e-16	-7.2489e-17	8.4964e-17	1.8989e-16	2.5369e-16	2.8569e-16	2.9332e-16	2.8244e-16	2.5766e-16	2.2255e-16	1.7991e-16	1.3196e-16	8.0503e-17	2.705e-17	-2.705e-17
-3.9474e-11	3.9474e-11	1.1511e-10	2.0645e-10	4.3407e-10	8.0327e-10	7.3835e-10	2.3835e-10	4.48e-13	9.4266e-13	8.8341e-13	6.5398e-13	4.3325e-13	2.6992e-13	1.6197e-13	9.4747e-14	5.4343e-14	3.0614e-14	1.6922e-14	9.1492e-15	4.8189e-15	2.4652e-15	1.2315e-15	6.211e-16	3.4875e-16	2.5206e-16	2.4006e-16	2.6287e-16	2.9417e-16	3.209e-16	3.3737e-16	3.4187e-16	3.3467e-16	3.1703e-16	2.9049e-16	2.5668e-16	2.171e-16	1.7309e-16	1.2583e-16	7.635e-17	2.559e-17	-2.559e-17
-1.0313e-11	1.0313e-11	3.8755e-11	1.0494e-10	2.6778e-10	5.3224e-10	8.4096e-10	7.3835e-10	2.3835e-10	1.5053e-13	3.3922e-13	3.5633e-13	2.9615e-13	2.1947e-13	1.5239e-13	1.0168e-13	6.6154e-14	4.2352e-14	2.684e-14	1.6915e-14	1.0645e-14	6.7212e-15	4.2845e-15	2.7814e-15	1.8594e-15	1.2963e-15	9.5265e-16	7.4148e-16	6.0896e-16	5.2197e-16	4.6035e-16	4.12e-16	3.6983e-16	3.2981e-16	2.8976e-16	2.4864e-16	2.0606e-16	1.62e-16	1.1668e-16	7.0405e-17	2.3535e-17	-2.3535e-17
2.4446e-12	-2.4446e-12	4.2985e-12	5.0583e-11	1.679e-10	3.6057e-10	6.0214e-10	8.6564e-10	7.3835e-10	2.3835e-10	5.6236e-14	1.3332e-13	1.519e-13	1.3727e-13	1.1039e-13	8.2918e-14	5.9668e-14	4.1761e-14	2.8705e-14	1.9511e-14	1.3183e-14	8.8936e-15	6.0178e-15	4.1037e-15	2.8355e-15	1.9972e-15	1.4426e-15	1.0741e-15	8.2667e-16	6.5736e-16	5.3802e-16	4.5022e-16	3.8202e-16	3.2574e-16	2.7648e-16	2.3119e-16	1.8802e-16	1.4585e-16	1.041e-16	6.2456e-17	2.0821e-17	-2.0821e-17
7.1103e-12	-7.1103e-12	-1.006e-11	2.1158e-11	1.0604e-10	2.4883e-10	4.3714e-10	6.5368e-10	8.8344e-10	7.3835e-10	2.3835e-10	2.2549e-14	5.5647e-14	6.7478e-14	6.5017e-14	5.5675e-14	4.4418e-14	3.3855e-14	2.5025e-14	1.8119e-14	1.294e-14	9.1643e-15	6.4646e-15	4.5609e-15	3.2314e-15	2.3088e-15	1.6708e-15	1.2299e-15	9.2407e-16	7.1028e-16	5.586e-16	4.4848e-16	3.6592e-16	3.0141e-16	2.4857e-16	2.0314e-16	1.6233e-16	1.2431e-16	8.7929e-17	5.246e-17	1.7442e-17	-1.7442e-17
8.2897e-12	-8.2897e-12	-1.5362e-11	5.1269e-12	6.689e-11	1.7424e-10	3.2157e-10	4.9828e-10	6.9324e-10	8.9698e-10	7.3835e-10	2.3835e-10	9.439e-15	2.4099e-14	3.0747e-14	3.1195e-14	2.8085e-14	2.3503e-14	1.8741e-14	1.4453e-14	1.0887e-14	8.0663e-15	5.9098e-15	4.3001e-15	3.1192e-15	2.2639e-15	1.6501e-15	1.2123e-15	9.0079e-16	6.7903e-16	5.203e-16	4.0539e-16	3.2063e-16	2.5639e-16	2.0593e-16	1.6461e-16	1.2923e-16	9.7656e-17	6.8428e-17	4.0582e-17	1.3454e-17	-1.3454e-17
8.1346e-12	-8.1346e-12	-1.6793e-11	-3.7312e-12	4.1496e-11	1.2318e-10	2.3921e-10	3.8326e-10	5.4754e-10	7.2446e-10	9.076e-10	7.3835e-10	2.3835e-10	4.0125e-15	1.0571e-14	1.4103e-14	1.4947e-14	1.4026e-14	1.2201e-14	1.0084e-14	8.0363e-15	6.2371e-15	4.7465e-15	3.5602e-15	2.643e-15	1.9488e-15	1.432e-15	1.0521e-15	7.7537e-16	5.7503e-16	4.3039e-16	3.2577e-16	2.4953e-16	1.9315e-16	1.5047e-16	1.1708e-16	8.9907e-17	6.6781e-17	4.6218e-17	2.7193e-17	8.9801e-18	-8.9801e-18
7.5734e-12	-7.5734e-12	-1.6724e-11	-8.8111e-12	2.4472e-11	8.7253e-11	1.7927e-10	2.9696e-10	4.3501e-10	5.8768e-10	7.4959e-10	9.1611e-10	7.3835e-10	2.3835e-10	1.6692e-15	4.5467e-15	6.3378e-15	6.9899e-15	6.7967e-15	6.103e-15	5.1872e-15	4.2356e-15	3.355e-15	2.5952e-15	1.9699e-15	1.4728e-15	1.0879e-15	7.9601e-16	5.7851e-16	4.1871e-16	3.0266e-16	2.1913e-16	1.5932e-16	1.1653e-16	8.5722e-17	6.3198e-17	4.6285e-17	3.3079e-17	2.2245e-17	1.2844e-17	4.2022e-18	-4.2022e-18
6.9861e-12	-6.9861e-12	-1.6229e-11	-1.1983e-11	1.2517e-11	6.112e-11	1.3457e-10	2.3103e-10	3.4704e-10	4.7837e-10	6.2069e-10	7.7006e-10	9.2302e-10	7.3835e-10	2.3835e-10	6.3294e-16	1.8051e-15	2.6541e-15	3.0521e-15	3.0675e-15	2.8272e-15	2.4511e-15	2.0289e-15	1.6187e-15	1.252e-15	9.4234e-16	6.9154e-16	4.9511e-16	3.4557e-16	2.3463e-16	1.5432e-16	9.7639e-17	5.8717e-17	3.2833e-17	1.6304e-17	6.3283e-18	8.3136e-19	-1.6928e-18	-2.3152e-18	-1.7906e-18	-6.5974e-19	6.5974e-19
6.5192e-12	-6.5192e-12	-1.5795e-11	-1.4291e-11	3.5801e-12	4.1339e-11	1.0025e-10	1.7958e-10	2.7715e-10	3.8996e-10	5.1466e-10	6.4796e-10	7.8683e-10	9.2866e-10	7.3835e-10	2.3835e-10	1.738e-16	5.5427e-16	9.0444e-16	1.1076e-15	1.1564e-15	1.088e-15	9.484e-16	7.7735e-16	6.0317e-16	4.4326e-16	3.0644e-16	1.9564e-16	1.1007e-16	4.701e-17	2.8896e-18	-2.598e-17	-4.3006e-17	-5.1133e-17	-5.2775e-17	-4.9836e-17	-4.3766e-17	-3.5631e-17	-2.6192e-17	-1.5981e-17	-5.368e-18	5.368e-18
6.2229e-12	-6.2229e-12	-1.5639e-11	-1.633e-11	-3.631e-12	2.5635e-11	7.2977e-11	1.3836e-10	2.2051e-10	3.1736e-10	4.2639e-10	5.4494e-10	6.7045e-10	8.0059e-10	9.3327e-10	7.3835e-10	2.3835e-10	-2.3465e-17	-2.2015e-18	9.1102e-17	1.6766e-16	1.9951e-16	1.8854e-16	1.4782e-16	9.191e-17	3.2695e-17	-2.1763e-17	-6.6915e-17	-1.009e-16	-1.2369e-16	-1.3629e-16	-1.4025e-16	-1.3727e-16	-1.2897e-16	-1.1674e-16	-1.0175e-16	-8.491e-17	-6.6887e-17	-4.8151e-17	-2.9018e-17	-9.6919e-18	9.6919e-18
6.1089e-12	-6.1089e-12	-1.5854e-11	-1.8445e-11	-9.9464e-12	1.2486e-11	5.0451e-11	1.0434e-10	1.7352e-10	2.5662e-10	3.5179e-10	4.5696e-10	5.7e-10	6.889e-10	8.1178e-10	9.37e-10	7.3835e-10	2.3835e-10	-1.003e-16	-2.3085e-16	-2.6356e-16	-2.6159e-16	-2.5425e-16	-2.5173e-16	-2.5491e-16	-2.6112e-16	-2.671e-16	-2.7024e-16	-2.69e-16	-2.6278e-16	-2.5167e-16	-2.3621e-16	-2.1718e-16	-1.9538e-16	-1.7156e-16	-1.4639e-16	-1.2036e-16	-9.3857e-17	-6.7116e-17	-4.0285e-17	-1.3429e-17	1.3429e-17
6.1744e-12	-6.1744e-12	-1.6478e-11	-2.0839e-11	-1.5907e-11	8.584e-13	3.1052e-11	7.5325e-11	1.3349e-10	2.0469e-10	2.8763e-10	3.807e-10	4.8221e-10	5.9045e-10	7.038e-10	8.2076e-10	9.3998e-10	7.3835e-10	2.3835e-10	-1.2202e-16	-3.0505e-16	-3.9364e-16	-4.3152e-16	-4.4347e-16	-4.4233e-16	-4.3412e-16	-4.2132e-16	-4.0482e-16	-3.8496e-16	-3.6197e-16	-3.3619e-16	-3.0804e-16	-2.7803e-16	-2.4664e-16	-2.1435e-16	-1.8152e-16	-1.4844e-16	-1.1532e-16	-8.2262e-17	-4.9302e-17	-1.6424e-17	1.6424e-17
6.4114e-12	-6.4114e-12	-1.7521e-11	-2.3632e-11	-2.1868e-11	-9.9604e-12	1.3636e-11	4.9721e-11	9.8406e-11	1.5923e-10	2.3131e-10	3.1346e-10	4.0435e-10	5.0256e-10	6.0672e-10	7.1553e-10	8.2775e-10	9.4228e-10	7.3835e-10	2.3835e-10	-1.1933e-16	-3.0826e-16	-4.1577e-16	-4.718e-16	-4.9565e-16	-4.9926e-16	-4.8985e-16	-4.7172e-16	-4.4753e-16	-4.1897e-16	-3.8722e-16	-3.5317e-16	-3.1751e-16	-2.8079e-16	-2.4345e-16	-2.0582e-16	-1.6813e-16	-1.3052e-16	-9.3069e-17	-5.5767e-17	-1.8576e-17	1.8576e-17
6.8108e-12	-6.8108e-12	-1.8979e-11	-2.6895e-11	-2.8065e-11	-2.0461e-11	-2.6119e-12	2.636e-11	6.677e-11	1.1845e-10	1.8083e-10	2.5308e-10	3.3416e-10	4.2296e-10	5.1833e-10	6.1915e-10	7.2434e-10	8.3292e-10	9.4397e-10	7.3835e-10	2.3835e-10	-1.0676e-16	-2.81e-16	-3.8855e-16	-4.4983e-16	-4.7931e-16	-4.8694e-16	-4.795e-16	-4.6157e-16	-4.3631e-16	-4.0591e-16	-3.7193e-16	-3.3552e-16	-2.975e-16	-2.5849e-16	-2.1892e-16	-1.7909e-16	-1.392e-16	-9.9346e-17	-5.9565e-17	-1.9847e-17	1.9847e-17
7.3627e-12	-7.3627e-12	-2.0842e-11	-3.0663e-11	-3.4649e-11	-3.0979e-11	-1.8269e-11	4.392e-12	3.7457e-11	8.0965e-11	1.3461e-10	1.9782e-10	2.6983e-10	3.4978e-10	4.3674e-10	5.2976e-10	6.2795e-10	7.3043e-10	8.3639e-10	9.4507e-10	7.3835e-10	2.3835e-10	-9.1133e-17	-2.4286e-16	-3.4139e-16	-4.0065e-16	-4.3125e-16	-4.411e-16	-4.3594e-16	-4.1997e-16	-3.9624e-16	-3.6697e-16	-3.338e-16	-2.9792e-16	-2.6021e-16	-2.213e-16	-1.8165e-16	-1.4155e-16	-1.0121e-16	-6.0761e-17	-2.0258e-17	2.0258e-17
8.0571e-12	-8.0571e-12	-2.3091e-11	-3.4948e-11	-4.171e-11	-4.1739e-11	-3.374e-11	-1.6795e-11	9.6349e-12	4.5742e-11	9.1415e-11	1.463e-10	2.0987e-10	2.8147e-10	3.6036e-10	4.4579e-10	5.3701e-10	6.3329e-10	7.3391e-10	8.3823e-10	9.4562e-10	7.3835e-10	2.3835e-10	-7.5548e-17	-2.0311e-16	-2.8884e-16	-3.4227e-16	-3.7112e-16	-3.8143e-16	-3.7787e-16	-3.64e-16	-3.425e-16	-3.1542e-16	-2.8429e-16	-2.5025e-16	-2.1416e-16	-1.7664e-16	-1.3817e-16	-9.9063e-17	-5.9575e-17	-1.988e-17	1.988e-17
8.8835e-12	-8.8835e-12	-2.5706e-11	-3.9744e-11	-4.9297e-11	-5.2885e-11	-4.9299e-11	-3.7635e-11	-1.7301e-11	1.2005e-11	5.0322e-11	9.7475e-11	1.5312e-10	2.1678e-10	2.8791e-10	3.6592e-10	4.5021e-10	5.4018e-10	6.3524e-10	7.3485e-10	8.3848e-10	9.4562e-10	7.3835e-10	2.3835e-10	-6.1304e-17	-1.6587e-16	-2.3784e-16	-2.8376e-16	-3.0917e-16	-3.1865e-16	-3.1583e-16	-3.0362e-16	-2.8428e-16	-2.5956e-16	-2.3084e-16	-1.9916e-16	-1.6532e-16	-1.2994e-16	-9.3493e-17	-5.6354e-17	-1.8826e-17	1.8826e-17
9.8308e-12	-9.8308e-12	-2.866e-11	-4.5028e-11	-5.742e-11	-6.4492e-11	-6.5118e-11	-5.8421e-11	-4.3777e-11	-2.0808e-11	1.0639e-11	5.0527e-11	9.8663e-11	1.5474e-10	2.1836e-10	2.8909e-10	3.6646e-10	4.5001e-10	5.3928e-10	6.3384e-10	7.3326e-10	8.3714e-10	9.4507e-10	7.3835e-10	2.3835e-10	-4.8848e-17	-1.3276e-16	-1.9146e-16	-2.2942e-16	-2.5061e-16	-2.5841e-16	-2.5563e-16	-2.4456e-16	-2.2705e-16	-2.0457e-16	-1.783e-16	-1.4918e-16	-1.1796e-16	-8.5242e-17	-5.1525e-17	-1.7237e-17	1.7237e-17
1.0887e-11	-1.0887e-11	-3.192e-11	-5.0765e-11	-6.6061e-11	-7.6586e-11	-8.1291e-11	-7.9332e-11	-7.0073e-11	-5.3084e-11	-2.8127e-11	4.8707e-12	4.584e-11	9.4606e-11	1.5091e-10	2.1446e-10	2.8491e-10	3.6192e-10	4.4516e-10	5.343e-10	6.2905e-10	7.2911e-10	8.3418e-10	9.4397e-10	7.3835e-10	2.3835e-10	-3.8232e-17	-1.0422e-16	-1.5084e-16	-1.8112e-16	-1.9788e-16	-2.036e-16	-2.004e-16	-1.9006e-16	-1.7407e-16	-1.5365e-16	-1.2982e-16	-1.0341e-16	-7.5119e-17	-4.5561e-17	-1.5267e-17	1.5267e-17
1.2037e-11	-1.2037e-11	-3.5452e-11	-5.6908e-11	-7.5179e-11	-8.9149e-11	-9.7845e-11	-1.0046e-10	-9.6353e-11	-8.5067e-11	-6.6299e-11	-3.9895e-11	-5.8206e-12	3.5857e-11	8.5002e-11	1.4142e-10	2.0491e-10	2.7524e-10	3.5219e-10	4.3556e-10	5.2515e-10	6.2079e-10	7.2231e-10	8.2954e-10	9.4228e-10	7.3835e-10	2.3835e-10	-2.9344e-17	-8.013e-17	-1.1614e-16	-1.3943e-16	-1.5196e-16	-1.5552e-16	-1.517e-16	-1.4188e-16	-1.2724e-16	-1.0881e-16	-8.7449e-17	-6.3934e-17	-3.8936e-17	-1.3074e-17	1.3074e-17
1.3268e-11	-1.3268e-11	-3.9212e-11	-6.3395e-11	-8.4707e-11	-1.0213e-10	-1.1475e-10	-1.2181e-10	-1.2268e-10	-1.1688e-10	-1.0406e-10	-8.4007e-11	-5.6611e-11	-2.1845e-11	2.0249e-11	6.9587e-11	1.2606e-10	1.8955e-10	2.5993e-10	3.3713e-10	4.2105e-10	5.1165e-10	6.0889e-10	7.1273e-10	8.2312e-10	9.3997e-10	7.3835e-10	2.3835e-10	-2.2012e-17	-6.0138e-17	-8.7126e-17	-1.0431e-16	-1.1305e-16	-1.1462e-16	-1.1021e-16	-1.0087e-16	-8.7576e-17	-7.1175e-17	-5.2446e-17	-3.2101e-17	-1.0805e-17	1.0805e-17
1.4563e-11	-1.4563e-11	-4.3155e-11	-7.0157e-11	-9.4563e-11	-1.1544e-10	-1.3194e-10	-1.4334e-10	-1.4903e-10	-1.4853e-10	-1.4146e-10	-1.2756e-10	-1.0666e-10	-7.8665e-11	-4.3532e-11	-1.2634e-12	4.8119e-11	1.0459e-10	1.6814e-10	2.3876e-10	3.1649e-10	4.014e-10	4.9357e-10	5.9312e-10	7.0016e-10	8.1477e-10	9.3699e-10	7.3835e-10	2.3835e-10	-1.6058e-17	-4.3841e-17	-6.3354e-17	-7.5431e-17	-8.0977e-17	-8.0901e-17	-7.6084e-17	-6.7362e-17	-5.5527e-17	-4.132e-17	-2.545e-17	-8.5922e-18	8.5922e-18
1.5904e-11	-1.5904e-11	-4.7229e-11	-7.7115e-11	-1.0465e-10	-1.2896e-10	-1.4929e-10	-1.6494e-10	-1.7532e-10	-1.7996e-10	-1.7846e-10	-1.7054e-10	-1.5597e-10	-1.3461e-10	-1.0636e-10	-7.1151e-11	-2.893e-11	2.0356e-11	7.6774e-11	1.4042e-10	2.1142e-10	2.8995e-10	3.7624e-10	4.7053e-10	5.7312e-10	6.8428e-10	8.0427e-10	9.3325e-10	7.3835e-10	2.3835e-10	-1.1314e-17	-3.0831e-17	-4.4334e-17	-5.2303e-17	-5.5326e-17	-5.4047e-17	-4.9134e-17	-4.126e-17	-3.1097e-17	-1.9306e-17	-6.5431e-18	6.5431e-18
1.7273e-11	-1.7273e-11	-5.138e-11	-8.4181e-11	-1.1484e-10	-1.4257e-10	-1.6666e-10	-1.8645e-10	-2.0139e-10	-2.1101e-10	-2.1492e-10	-2.1279e-10	-2.044e-10	-1.8955e-10	-1.681e-10	-1.3993e-10	-1.0493e-10	-6.2981e-11	-1.3955e-11	4.232e-11	1.0606e-10	1.7754e-10	2.5709e-10	3.4512e-10	4.4206e-10	5.4842e-10	6.6469e-10	7.9132e-10	9.2864e-10	7.3835e-10	2.3835e-10	-7.6267e-18	-2.0716e-17	-2.9557e-17	-3.4385e-17	-3.557e-17	-3.3575e-17	-2.8921e-17	-2.2171e-17	-1.391e-17	-4.7382e-18	4.7382e-18
1.8648e-11	-1.8648e-11	-5.5547e-11	-9.1258e-11	-1.2502e-10	-1.5611e-10	-1.8387e-10	-2.0769e-10	-2.2705e-10	-2.4148e-10	-2.506e-10	-2.541e-10	-2.5172e-10	-2.4323e-10	-2.2848e-10	-2.073e-10	-1.7954e-10	-1.4505e-10	-1.0364e-10	-5.509e-11	8.8958e-13	6.465e-11	1.3662e-10	2.1733e-10	3.0739e-10	4.0748e-10	5.1836e-10	6.4079e-10	7.7548e-10	9.2299e-10	7.3835e-10	2.3835e-10	-4.8541e-18	-1.3123e-17	-1.8507e-17	-2.1082e-17	-2.1078e-17	-1.8839e-17	-1.4791e-17	-9.4148e-18	-3.229e-18	3.229e-18
2.0011e-11	-2.0011e-11	-5.9669e-11	-9.8248e-11	-1.3505e-10	-1.6942e-10	-2.0073e-10	-2.2844e-10	-2.5204e-10	-2.711e-10	-2.8525e-10	-2.9416e-10	-2.9758e-10	-2.9529e-10	-2.8708e-10	-2.728e-10	-2.5227e-10	-2.2529e-10	-1.9167e-10	-1.5113e-10	-1.0335e-10	-4.792e-11	1.5669e-11	8.8035e-11	1.6992e-10	2.6221e-10	3.6587e-10	4.8201e-10	6.1175e-10	7.5615e-10	9.1607e-10	7.3835e-10	2.3835e-10	-2.8616e-18	-7.6856e-18	-1.0656e-17	-1.1755e-17	-1.1132e-17	-9.0557e-18	-5.886e-18	-2.0385e-18	2.0385e-18
2.1338e-11	-2.1338e-11	-6.3683e-11	-1.0504e-10	-1.4479e-10	-1.823e-10	-2.1703e-10	-2.4845e-10	-2.761e-10	-2.9957e-10	-3.185e-10	-3.326e-10	-3.4159e-10	-3.4526e-10	-3.4342e-10	-3.3588e-10	-3.2247e-10	-3.0299e-10	-2.7723e-10	-2.4489e-10	-2.0565e-10	-1.5906e-10	-1.0458e-10	-4.1517e-11	3.0964e-11	1.1388e-10	2.0843e-10	3.1599e-10	4.3811e-10	5.764e-10	7.3245e-10	9.0755e-10	7.3835e-10	2.3835e-10	-1.5168e-18	-4.0375e-18	-5.4571e-18	-5.7182e-18	-4.9273e-18	-3.3081e-18	-1.1627e-18	1.1627e-18
2.2609e-11	-2.2609e-11	-6.7526e-11	-1.1154e-10	-1.5408e-10	-1.9459e-10	-2.3255e-10	-2.6747e-10	-2.9894e-10	-3.2656e-10	-3.5001e-10	-3.6899e-10	-3.8327e-10	-3.9263e-10	-3.9688e-10	-3.9585e-10	-3.8938e-10	-3.7728e-10	-3.5933e-10	-3.3527e-10	-3.0476e-10	-2.6738e-10	-2.2257e-10	-1.6963e-10	-1.0767e-10	-3.5607e-11	4.792e-11	1.4453e-10	2.5611e-10	3.8484e-10	5.3306e-10	7.0309e-10	8.9692e-10	7.3835e-10	2.3835e-10	-6.8703e-19	-1.8073e-18	-2.3468e-18	-2.2464e-18	-1.5939e-18	-5.7402e-19	5.7402e-19
2.3803e-11	-2.3803e-11	-7.1133e-11	-1.1764e-10	-1.628e-10	-2.0609e-10	-2.4705e-10	-2.8523e-10	-3.2024e-10	-3.5172e-10	-3.7937e-10	-4.0291e-10	-4.2212e-10	-4.3681e-10	-4.4682e-10	-4.5198e-10	-4.5215e-10	-4.4716e-10	-4.3684e-10	-4.2096e-10	-3.992e-10	-3.7119e-10	-3.364e-10	-2.9417e-10	-2.4364e-10	-1.837e-10	-1.1294e-10	-2.9607e-11	6.8456e-11	1.8386e-10	3.1964e-10	4.7922e-10	6.6612e-10	8.8341e-10	7.3835e-10	2.3835e-10	-2.3988e-19	-6.2238e-19	-7.5485e-19	-5.9767e-19	-2.2531e-19	2.2531e-19
2.4899e-11	-2.4899e-11	-7.4444e-11	-1.2324e-10	-1.7079e-10	-2.1663e-10	-2.6033e-10	-3.0147e-10	-3.3971e-10	-3.747e-10	-4.0617e-10	-4.3388e-10	-4.5761e-10	-4.7722e-10	-4.9254e-10	-5.0346e-10	-5.0985e-10	-5.1159e-10	-5.0855e-10	-5.0054e-10	-4.8732e-10	-4.6858e-10	-4.4388e-10	-4.1264e-10	-3.7408e-10	-3.2718e-10	-2.7058e-10	-2.0254e-10	-1.2081e-10	-2.2535e-11	9.5857e-11	2.3871e-10	4.1108e-10	6.1843e-10	8.6577e-10	7.3835e-10	2.3835e-10	-4.7596e-20	-1.2455e-19	-1.3309e-19	-5.6131e-20	5.6131e-20
2.5878e-11	-2.5878e-11	-7.7402e-11	-1.2823e-10	-1.7792e-10	-2.2603e-10	-2.7216e-10	-3.1594e-10	-3.5704e-10	-3.9515e-10	-4.3002e-10	-4.6144e-10	-4.8923e-10	-5.1324e-10	-5.3335e-10	-5.4948e-10	-5.6154e-10	-5.6947e-10	-5.7316e-10	-5.7251e-10	-5.6737e-10	-5.575e-10	-5.4259e-10	-5.222e-10	-4.9569e-10	-4.6221e-10	-4.2059e-10	-3.6927e-10	-3.0611e-10	-2.2831e-10	-1.3212e-10	-1.267e-11	1.363e-10	3.2251e-10	5.5482e-10	8.4183e-10	7.3835e-10	2.3835e-10	4.1877e-21	3.8746e-21	-3.1311e-22	3.1311e-22
2.6723e-11	-2.6723e-11	-7.9954e-11	-1.3254e-10	-1.8406e-10	-2.3412e-10	-2.8235e-10	-3.284e-10	-3.7195e-10	-4.1275e-10	-4.5056e-10	-4.8518e-10	-5.1646e-10	-5.4429e-10	-5.6857e-10	-5.8926e-10	-6.0632e-10	-6.1971e-10	-6.294e-10	-6.3538e-10	-6.3755e-10	-6.3582e-10	-6.3001e-10	-6.1983e-10	-6.0487e-10	-5.8451e-10	-5.5788e-10	-5.2374e-10	-4.8035e-10	-4.2528e-10	-3.5512e-10	-2.651e-10	-1.4863e-10	3.4057e-12	2.0314e-10	4.6578e-10	8.0745e-10	7.3835e-10	2.3835e-10	3.797e-21	3.797e-21	-3.797e-21
2.7419e-11	-2.7419e-11	-8.2054e-11	-1.3608e-10	-1.8912e-10	-2.4078e-10	-2.9073e-10	-3.3863e-10	-3.8421e-10	-4.2721e-10	-4.6743e-10	-5.0468e-10	-5.3885e-10	-5.6984e-10	-5.9759e-10	-6.2208e-10	-6.4331e-10	-6.613e-10	-6.7608e-10	-6.8769e-10	-6.9615e-10	-7.0148e-10	-7.0363e-10	-7.0252e-10	-6.9793e-10	-6.8957e-10	-6.7692e-10	-6.5919e-10	-6.3524e-10	-6.0332e-10	-5.6089e-10	-5.0414e-10	-4.2737e-10	-3.2196e-10	-1.7489e-10	3.3419e-11	3.3113e-10	7.5322e-10	7.3835e-10	2.3835e-10	0	-0
2.7953e-11	-2.7953e-11	-8.3665e-11	-1.388e-10	-1.9299e-10	-2.4589e-10	-2.9715e-10	-3.4647e-10	-3.936e-10	-4.3829e-10	-4.8035e-10	-5.1963e-10	-5.5602e-10	-5.8944e-10	-6.1986e-10	-6.473e-10	-6.7177e-10	-6.9335e-10	-7.1211e-10	-7.2817e-10	-7.4163e-10	-7.526e-10	-7.6117e-10	-7.6742e-10	-7.7139e-10	-7.7303e-10	-7.7222e-10	-7.6867e-10	-7.619e-10	-7.5107e-10	-7.3484e-10	-7.1104e-10	-6.7614e-10	-6.2439e-10	-5.461e-10	-4.2464e-10	-2.302e-10	9.2949e-11	6.4792e-10	7.8337e-10	2.8337e-10	-2.8337e-10
2.8314e-11	-2.8314e-11	-8.4756e-11	-1.4064e-10	-1.9562e-10	-2.4934e-10	-3.0149e-10	-3.5178e-10	-3.9995e-10	-4.4578e-10	-4.891e-10	-5.2975e-10	-5.6764e-10	-6.0272e-10	-6.3496e-10	-6.644e-10	-6.911e-10	-7.1514e-10	-7.3665e-10	-7.5578e-10	-7.7271e-10	-7.8761e-10	-8.0069e-10	-8.1216e-10	-8.2222e-10	-8.3107e-10	-8.3889e-10	-8.4583e-10	-8.5198e-10	-8.5736e-10	-8.6182e-10	-8.6495e-10	-8.6591e-10	-8.6302e-10	-8.5318e-10	-8.3104e-10	-7.885e-10	-7.1618e-10	-6.0243e-10	-3.2716e-10	-6.044e-11	6.044e-11
2.8496e-11	-2.8496e-11	-8.5306e-11	-1.4157e-10	-1.9694e-10	-2.5108e-10	-3.0368e-10	-3.5446e-10	-4.0316e-10	-4.4957e-10	-4.9351e-10	-5.3485e-10	-5.7351e-10	-6.0942e-10	-6.4259e-10	-6.7305e-10	-7.0087e-10	-7.2616e-10	-7.4908e-10	-7.6978e-10	-7.8848e-10	-8.0541e-10	-8.2082e-10	-8.3499e-10	-8.4823e-10	-8.6085e-10	-8.7323e-10	-8.8574e-10	-8.9885e-10	-9.1307e-10	-9.2899e-10	-9.4737e-10	-9.6907e-10	-9.951e-10	-1.0263e-09	-1.062e-09	-1.0966e-09	-1.1067e-09	-1.0222e-09	-6.9456e-10	-2.2293e-10	2.2293e-10
2.8496e-11	-2.8496e-11	-8.5306e-11	-1.4157e-10	-1.9694e-10	-2.5108e-10	-3.0368e-10	-3.5446e-10	-4.0316e-10	-4.4957e-10	-4.9351e-10	-5.3485e-10	-5.7351e-10	-6.0942e-10	-6.4259e-10	-6.7305e-10	-7.0087e-10	-7.2616e-10	-7.4908e-10	-7.6978e-10	-7.8848e-10	-8.0541e-10	-8.2082e-10	-8.3499e-10	-8.4823e-10	-8.6085e-10	-8.7323e-10	-8.8574e-10	-8.9885e-10	-9.1307e-10	-9.2899e-10	-9.4737e-10	-9.6907e-10	-9.951e-10	-1.0263e-09	-1.062e-09	-1.0966e-09	-1.1067e-09	-1.0222e-09	-6.9456e-10	0	-0
