7.8315e-11	7.8315e-11	3.2443e-11	-4.1063e-11	-6.0897e-11	-1.8127e-11	1.801e-13	3.2175e-12	2.4974e-12	1.5022e-12	8.3923e-13	4.6227e-13	2.5749e-13	1.4662e-13	8.5667e-14	5.1373e-14	3.1573e-14	1.9842e-14	1.2721e-14	8.2988e-15	5.4965e-15	3.6876e-15	2.5005e-15	1.7099e-15	1.1766e-15	8.125e-16	5.6146e-16	3.8681e-16	2.6437e-16	1.7797e-16	1.1666e-16	7.2978e-17	4.1756e-17	1.9403e-17	3.4052e-18	-8.0076e-18	-1.6082e-17	-2.1694e-17	-2.5446e-17	-2.7745e-17	-2.8835e-17	-2.8835e-17
-7.8315e-11	-7.8315e-11	-3.2443e-11	4.1063e-11	6.0897e-11	1.8127e-11	-1.801e-13	-3.2175e-12	-2.4974e-12	-1.5022e-12	-8.3923e-13	-4.6227e-13	-2.5749e-13	-1.4662e-13	-8.5667e-14	-5.1373e-14	-3.1573e-14	-1.9842e-14	-1.2721e-14	-8.2988e-15	-5.4965e-15	-3.6876e-15	-2.5005e-15	-1.7099e-15	-1.1766e-15	-8.125e-16	-5.6146e-16	-3.8681e-16	-2.6437e-16	-1.7797e-16	-1.1666e-16	-7.2978e-17	-4.1756e-17	-1.9403e-17	-3.4052e-18	8.0076e-18	1.6082e-17	2.1694e-17	2.5446e-17	2.7745e-17	2.8835e-17	2.8835e-17
-2.7198e-10	-2.7198e-10	-1.4204e-10	1.0596e-10	2.3664e-10	8.0741e-11	7.0919e-12	-4.5924e-12	-4.5094e-12	-2.9661e-12	-1.7713e-12	-1.0323e-12	-6.0305e-13	-3.5719e-13	-2.1551e-13	-1.3263e-13	-8.323e-14	-5.3196e-14	-3.4574e-14	-2.281e-14	-1.5248e-14	-1.0309e-14	-7.0354e-15	-4.837e-15	-3.3432e-15	-2.3173e-15	-1.6061e-15	-1.1091e-15	-7.5926e-16	-5.1151e-16	-3.3518e-16	-2.0919e-16	-1.1892e-16	-5.4145e-17	-7.6965e-18	2.5498e-17	4.9019e-17	6.5386e-17	7.6343e-17	8.3059e-17	8.6247e-17	8.6247e-17
-5.4314e-10	-5.4314e-10	-3.93e-10	-4.057e-11	6.7574e-10	3.0097e-10	7.272e-12	1.929e-13	-1.7188e-12	-1.7578e-12	-1.3365e-12	-9.1669e-13	-6.0277e-13	-3.9025e-13	-2.5213e-13	-1.6368e-13	-1.0715e-13	-7.0837e-14	-4.7317e-14	-3.1924e-14	-2.1738e-14	-1.4923e-14	-1.0315e-14	-7.168e-15	-4.9986e-15	-3.4903e-15	-2.4336e-15	-1.6883e-15	-1.1594e-15	-7.822e-16	-5.1205e-16	-3.1794e-16	-1.7816e-16	-7.7432e-17	-4.9087e-18	4.7102e-17	8.407e-17	1.0986e-16	1.2717e-16	1.3779e-16	1.4284e-16	1.4284e-16
-7.9263e-10	-7.9263e-10	-6.4614e-10	-2.6814e-10	7.3021e-10	7.3835e-10	2.3835e-10	1.5678e-12	7.4122e-13	-9.669e-14	-4.1594e-13	-4.4785e-13	-3.7582e-13	-2.852e-13	-2.0627e-13	-1.4569e-13	-1.0178e-13	-7.0838e-14	-4.931e-14	-3.4403e-14	-2.4082e-14	-1.6915e-14	-1.1917e-14	-8.4139e-15	-5.9457e-15	-4.1973e-15	-2.9525e-15	-2.0621e-15	-1.4224e-15	-9.6134e-16	-6.2794e-16	-3.8636e-16	-2.1109e-16	-8.3923e-17	8.1825e-18	7.4591e-17	1.2201e-16	1.5523e-16	1.7759e-16	1.9135e-16	1.979e-16	1.979e-16
-9.2579e-10	-9.2579e-10	-7.6164e-10	-3.805e-10	2.8795e-10	8.0327e-10	7.3835e-10	2.3835e-10	4.48e-13	3.4772e-13	8.2874e-14	-7.8823e-14	-1.4003e-13	-1.4491e-13	-1.2614e-13	-1.0115e-13	-7.7573e-14	-5.7994e-14	-4.2715e-14	-3.1188e-14	-2.2656e-14	-1.6408e-14	-1.1858e-14	-8.5512e-15	-6.1499e-15	-4.4045e-15	-3.1341e-15	-2.2079e-15	-1.5314e-15	-1.0366e-15	-6.7412e-16	-4.0848e-16	-2.1378e-16	-7.1217e-17	3.2883e-17	1.0848e-16	1.6282e-16	2.0108e-16	2.2695e-16	2.4292e-16	2.5054e-16	2.5054e-16
-9.7557e-10	-9.7557e-10	-8.1593e-10	-4.8372e-10	7.0713e-13	4.5685e-10	8.4096e-10	7.3835e-10	2.3835e-10	1.5053e-13	1.5063e-13	6.5746e-14	-3.6888e-15	-4.125e-14	-5.476e-14	-5.4597e-14	-4.8194e-14	-3.9841e-14	-3.1664e-14	-2.4541e-14	-1.8702e-14	-1.4084e-14	-1.0511e-14	-7.7843e-15	-5.7225e-15	-4.1722e-15	-3.0108e-15	-2.1429e-15	-1.4952e-15	-1.0125e-15	-6.5304e-16	-3.8571e-16	-1.8719e-16	-4.013e-17	6.838e-17	1.4792e-16	2.0554e-16	2.4641e-16	2.742e-16	2.9143e-16	2.9966e-16	2.9966e-16
-9.8344e-10	-9.8344e-10	-8.4325e-10	-5.6887e-10	-1.943e-10	1.9473e-10	5.528e-10	8.6564e-10	7.3835e-10	2.3835e-10	5.6236e-14	6.5946e-14	3.7711e-14	8.6593e-15	-1.0706e-14	-2.047e-14	-2.3549e-14	-2.2776e-14	-2.0161e-14	-1.6924e-14	-1.372e-14	-1.0853e-14	-8.4291e-15	-6.4488e-15	-4.8679e-15	-3.6253e-15	-2.6594e-15	-1.9146e-15	-1.3435e-15	-9.0785e-16	-5.7671e-16	-3.259e-16	-1.3663e-16	5.6188e-18	1.1194e-16	1.9077e-16	2.4846e-16	2.8972e-16	3.1797e-16	3.3557e-16	3.4402e-16	3.4402e-16
-9.7389e-10	-9.7389e-10	-8.566e-10	-6.3303e-10	-3.3235e-10	-2.6784e-12	3.2032e-10	6.1807e-10	8.8344e-10	7.3835e-10	2.3835e-10	2.2549e-14	2.9427e-14	1.9749e-14	7.5411e-15	-1.9024e-15	-7.6106e-15	-1.0244e-14	-1.0809e-14	-1.0176e-14	-8.9604e-15	-7.5483e-15	-6.1589e-15	-4.9012e-15	-3.8178e-15	-2.9145e-15	-2.1778e-15	-1.5867e-15	-1.1181e-15	-7.5016e-16	-4.6337e-16	-2.4132e-16	-7.0444e-17	6.023e-17	1.5943e-16	2.3399e-16	2.8922e-16	3.2913e-16	3.5669e-16	3.7396e-16	3.8228e-16	3.8228e-16
-9.5849e-10	-9.5849e-10	-8.6198e-10	-6.7936e-10	-4.3267e-10	-1.525e-10	1.3451e-10	4.1063e-10	6.6617e-10	8.9698e-10	7.3835e-10	2.3835e-10	9.439e-15	1.3246e-14	9.8571e-15	4.6756e-15	1.7779e-16	-2.8867e-15	-4.5741e-15	-5.2172e-15	-5.1746e-15	-4.7378e-15	-4.1132e-15	-3.4333e-15	-2.7753e-15	-2.1791e-15	-1.6613e-15	-1.2244e-15	-8.6324e-16	-5.6952e-16	-3.336e-16	-1.4607e-16	1.6261e-18	1.1691e-16	2.0604e-16	2.7413e-16	3.2527e-16	3.6268e-16	3.8875e-16	4.0522e-16	4.1318e-16	4.1318e-16
-9.4206e-10	-9.4206e-10	-8.6267e-10	-7.1221e-10	-5.0681e-10	-2.6741e-10	-1.3935e-11	2.3831e-10	4.7926e-10	7.0322e-10	9.076e-10	7.3835e-10	2.3835e-10	4.0125e-15	5.8844e-15	4.6682e-15	2.4506e-15	3.439e-16	-1.2171e-15	-2.1689e-15	-2.6098e-15	-2.6828e-15	-2.5212e-15	-2.2294e-15	-1.8811e-15	-1.5239e-15	-1.186e-15	-8.819e-16	-6.1748e-16	-3.9319e-16	-2.0655e-16	-5.3585e-17	7.0143e-17	1.6902e-16	2.4707e-16	3.078e-16	3.5415e-16	3.8851e-16	4.1271e-16	4.2812e-16	4.3561e-16	4.3561e-16
-9.2636e-10	-9.2636e-10	-8.6057e-10	-7.3529e-10	-5.6224e-10	-3.5644e-10	-1.3294e-10	9.5564e-11	3.1968e-10	5.3321e-10	7.3257e-10	9.1611e-10	7.3835e-10	2.3835e-10	1.6692e-15	2.4742e-15	2.009e-15	1.0551e-15	8.9969e-17	-6.6501e-16	-1.1507e-15	-1.391e-15	-1.4418e-15	-1.3627e-15	-1.2052e-15	-1.0085e-15	-7.997e-16	-5.964e-16	-4.0874e-16	-2.418e-16	-9.7253e-17	2.5272e-17	1.2733e-16	2.1101e-16	2.7858e-16	3.322e-16	3.7384e-16	4.0515e-16	4.2747e-16	4.418e-16	4.4879e-16	4.4879e-16
-9.118e-10	-9.118e-10	-8.5674e-10	-7.5128e-10	-6.0403e-10	-4.2603e-10	-2.2881e-10	-2.2722e-11	1.839e-10	3.8499e-10	5.7655e-10	7.5624e-10	9.2302e-10	7.3835e-10	2.3835e-10	6.3294e-16	8.8685e-16	6.7616e-16	2.6407e-16	-1.6088e-16	-4.9874e-16	-7.1527e-16	-8.1482e-16	-8.1954e-16	-7.5642e-16	-6.5048e-16	-5.2197e-16	-3.8584e-16	-2.5226e-16	-1.2754e-16	-1.516e-17	8.3391e-17	1.6794e-16	2.3908e-16	2.9785e-16	3.4543e-16	3.8302e-16	4.117e-16	4.3238e-16	4.4576e-16	4.5234e-16	4.5234e-16
-8.9829e-10	-8.9829e-10	-8.5172e-10	-7.6204e-10	-6.3564e-10	-4.8079e-10	-3.0641e-10	-1.2092e-10	6.851e-11	2.5625e-10	4.3826e-10	6.1187e-10	7.7555e-10	9.2866e-10	7.3835e-10	2.3835e-10	1.738e-16	1.5975e-16	3.2348e-17	-1.4773e-16	-3.2043e-16	-4.4895e-16	-5.1944e-16	-5.3363e-16	-5.0149e-16	-4.3582e-16	-3.4902e-16	-2.5155e-16	-1.5144e-16	-5.4345e-17	3.6075e-17	1.1771e-16	1.8957e-16	2.5146e-16	3.0364e-16	3.4667e-16	3.8121e-16	4.079e-16	4.2736e-16	4.4005e-16	4.4631e-16	4.4631e-16
-8.8555e-10	-8.8555e-10	-8.4577e-10	-7.6881e-10	-6.5945e-10	-5.24e-10	-3.6944e-10	-2.0259e-10	-2.9547e-11	1.4466e-10	3.1614e-10	4.8214e-10	6.4088e-10	7.9137e-10	9.3327e-10	7.3835e-10	2.3835e-10	-2.3465e-17	-1.5588e-16	-2.5597e-16	-3.3759e-16	-3.9518e-16	-4.2265e-16	-4.1864e-16	-3.8638e-16	-3.318e-16	-2.6177e-16	-1.8284e-16	-1.006e-16	-1.9348e-17	5.78e-17	1.2881e-16	1.9251e-16	2.4833e-16	2.9618e-16	3.3621e-16	3.6876e-16	3.9419e-16	4.1289e-16	4.2517e-16	4.3125e-16	4.3125e-16
-8.7322e-10	-8.7322e-10	-8.3894e-10	-7.7235e-10	-6.771e-10	-5.5805e-10	-4.207e-10	-2.706e-10	-1.1288e-10	4.8035e-11	2.0856e-10	3.66e-10	5.1846e-10	6.6476e-10	8.0431e-10	9.37e-10	7.3835e-10	2.3835e-10	-1.003e-16	-2.7429e-16	-3.6312e-16	-4.0347e-16	-4.1073e-16	-3.9236e-16	-3.5357e-16	-2.9918e-16	-2.3395e-16	-1.6236e-16	-8.8328e-17	-1.5059e-17	5.5003e-17	1.2013e-16	1.7919e-16	2.3155e-16	2.7693e-16	3.153e-16	3.468e-16	3.7162e-16	3.8999e-16	4.0211e-16	4.0813e-16	4.0813e-16
-8.6093e-10	-8.6093e-10	-8.3118e-10	-7.7317e-10	-6.8972e-10	-5.8463e-10	-4.6228e-10	-3.2718e-10	-1.8364e-10	-3.5506e-11	1.14e-10	2.6233e-10	4.0759e-10	5.485e-10	6.8434e-10	8.148e-10	9.3998e-10	7.3835e-10	2.3835e-10	-1.2202e-16	-2.9966e-16	-3.803e-16	-4.0336e-16	-3.9031e-16	-3.5358e-16	-3.0116e-16	-2.3879e-16	-1.7087e-16	-1.0092e-16	-3.1683e-17	3.4732e-17	9.6797e-17	1.5346e-16	2.0408e-16	2.4828e-16	2.8594e-16	3.1706e-16	3.4173e-16	3.6008e-16	3.7223e-16	3.7827e-16	3.7827e-16
-8.4835e-10	-8.4835e-10	-8.2235e-10	-7.7152e-10	-6.9806e-10	-6.0496e-10	-4.9574e-10	-3.7408e-10	-2.4359e-10	-1.0759e-10	3.107e-11	1.7003e-10	3.0749e-10	4.4214e-10	5.7318e-10	7.0019e-10	8.2314e-10	9.4228e-10	7.3835e-10	2.3835e-10	-1.1933e-16	-2.8312e-16	-3.5514e-16	-3.7055e-16	-3.5064e-16	-3.0871e-16	-2.5346e-16	-1.9082e-16	-1.2502e-16	-5.9125e-17	4.6443e-18	6.4687e-17	1.199e-16	1.6954e-16	2.1318e-16	2.5058e-16	2.8166e-16	3.0641e-16	3.2489e-16	3.3716e-16	3.4328e-16	3.4328e-16
-8.3513e-10	-8.3513e-10	-8.123e-10	-7.6755e-10	-7.0262e-10	-6.1991e-10	-5.2224e-10	-4.1264e-10	-2.9413e-10	-1.6955e-10	-4.1426e-11	8.8131e-11	2.1742e-10	3.4519e-10	4.706e-10	5.9316e-10	7.1276e-10	8.2955e-10	9.4397e-10	7.3835e-10	2.3835e-10	-1.0676e-16	-2.4974e-16	-3.1237e-16	-3.2369e-16	-3.0257e-16	-2.6138e-16	-2.0846e-16	-1.495e-16	-8.8468e-17	-2.816e-17	2.9463e-17	8.3041e-17	1.3166e-16	1.7471e-16	2.1185e-16	2.4288e-16	2.677e-16	2.8629e-16	2.9867e-16	3.0485e-16	3.0485e-16
-8.2095e-10	-8.2095e-10	-8.0082e-10	-7.6129e-10	-7.0373e-10	-6.3008e-10	-5.4263e-10	-4.4388e-10	-3.3637e-10	-2.2251e-10	-1.045e-10	1.5752e-11	1.3671e-10	2.5717e-10	3.763e-10	4.9361e-10	6.0892e-10	7.2233e-10	8.3419e-10	9.4507e-10	7.3835e-10	2.3835e-10	-9.1133e-17	-2.1169e-16	-2.6456e-16	-2.7297e-16	-2.5274e-16	-2.1471e-16	-1.6634e-16	-1.1286e-16	-5.7903e-17	-4.0372e-18	4.6955e-17	9.3844e-17	1.358e-16	1.7229e-16	2.0296e-16	2.2762e-16	2.4617e-16	2.5855e-16	2.6475e-16	2.6475e-16
-8.0553e-10	-8.0553e-10	-7.8773e-10	-7.527e-10	-7.0157e-10	-6.3588e-10	-5.5753e-10	-4.6858e-10	-3.7116e-10	-2.6733e-10	-1.59e-10	-4.7848e-11	6.4722e-11	1.7761e-10	2.9001e-10	4.0144e-10	5.1169e-10	6.2081e-10	7.2912e-10	8.3714e-10	9.4562e-10	7.3835e-10	2.3835e-10	-7.5548e-17	-1.7462e-16	-2.1793e-16	-2.2375e-16	-2.0501e-16	-1.7088e-16	-1.2785e-16	-8.052e-17	-3.2181e-17	1.4849e-17	5.8939e-17	9.8957e-17	1.3413e-16	1.6394e-16	1.8807e-16	2.0629e-16	2.1849e-16	2.2461e-16	2.2461e-16
-7.8859e-10	-7.8859e-10	-7.7281e-10	-7.4172e-10	-6.9623e-10	-6.3761e-10	-5.674e-10	-4.8733e-10	-3.9918e-10	-3.0472e-10	-2.056e-10	-1.0329e-10	9.5276e-13	1.0612e-10	2.1147e-10	3.1653e-10	4.2109e-10	5.2517e-10	6.2907e-10	7.3326e-10	8.3848e-10	9.4562e-10	7.3835e-10	2.3835e-10	-6.1304e-17	-1.4095e-16	-1.7531e-16	-1.7868e-16	-1.6149e-16	-1.3133e-16	-9.3727e-17	-5.268e-17	-1.1074e-17	2.9016e-17	6.6118e-17	9.9194e-17	1.2753e-16	1.5063e-16	1.6818e-16	1.7998e-16	1.859e-16	1.859e-16
-7.6988e-10	-7.6988e-10	-7.5588e-10	-7.2825e-10	-6.8775e-10	-6.3542e-10	-5.7254e-10	-5.0054e-10	-4.2094e-10	-3.3523e-10	-2.4485e-10	-1.5108e-10	-5.5035e-11	4.2373e-11	1.4047e-10	2.388e-10	3.3716e-10	4.3558e-10	5.3432e-10	6.3384e-10	7.3485e-10	8.3823e-10	9.4507e-10	7.3835e-10	2.3835e-10	-4.8848e-17	-1.1153e-16	-1.3784e-16	-1.3894e-16	-1.2321e-16	-9.6864e-17	-6.4536e-17	-2.9632e-17	5.3479e-18	3.8587e-17	6.8776e-17	9.4986e-17	1.1657e-16	1.3308e-16	1.4423e-16	1.4984e-16	1.4984e-16
-7.4916e-10	-7.4916e-10	-7.3673e-10	-7.1218e-10	-6.7613e-10	-6.2945e-10	-5.7318e-10	-5.0855e-10	-4.3683e-10	-3.593e-10	-2.7719e-10	-1.9162e-10	-1.0359e-10	-1.3907e-11	7.6818e-11	1.6817e-10	2.5996e-10	3.5222e-10	4.4517e-10	5.3929e-10	6.3524e-10	7.3391e-10	8.3639e-10	9.4397e-10	7.3835e-10	2.3835e-10	-3.8232e-17	-8.6447e-17	-1.0576e-16	-1.0492e-16	-9.0593e-17	-6.7869e-17	-4.0572e-17	-1.1564e-17	1.7029e-17	4.3648e-17	6.716e-17	8.6758e-17	1.0188e-16	1.1215e-16	1.1734e-16	1.1734e-16
-7.2624e-10	-7.2624e-10	-7.1521e-10	-6.9341e-10	-6.6135e-10	-6.1974e-10	-5.6949e-10	-5.116e-10	-4.4715e-10	-3.7725e-10	-3.0296e-10	-2.2525e-10	-1.4501e-10	-6.2938e-11	2.0397e-11	1.0463e-10	1.8957e-10	2.7527e-10	3.6193e-10	4.5002e-10	5.4017e-10	6.3328e-10	7.3042e-10	8.3291e-10	9.4228e-10	7.3835e-10	2.3835e-10	-2.9344e-17	-6.5466e-17	-7.8916e-17	-7.6543e-17	-6.3674e-17	-4.441e-17	-2.1884e-17	1.5375e-18	2.4085e-17	4.4454e-17	6.1695e-17	7.5139e-17	8.4332e-17	8.8995e-17	8.8995e-17
-7.0093e-10	-7.0093e-10	-6.9115e-10	-6.7182e-10	-6.4335e-10	-6.0635e-10	-5.6156e-10	-5.0985e-10	-4.5214e-10	-3.8936e-10	-3.2244e-10	-2.5223e-10	-1.795e-10	-1.0489e-10	-2.8891e-11	4.8154e-11	1.2609e-10	2.0494e-10	2.8492e-10	3.6647e-10	4.5021e-10	5.3701e-10	6.2794e-10	7.2433e-10	8.2773e-10	9.3997e-10	7.3835e-10	2.3835e-10	-2.2012e-17	-4.823e-17	-5.6953e-17	-5.3548e-17	-4.2238e-17	-2.6306e-17	-8.278e-18	9.9288e-18	2.6878e-17	4.1513e-17	5.3077e-17	6.1052e-17	6.5116e-17	6.5116e-17
-6.731e-10	-6.731e-10	-6.6445e-10	-6.4734e-10	-6.2211e-10	-5.8929e-10	-5.4949e-10	-5.0346e-10	-4.5197e-10	-3.9583e-10	-3.3585e-10	-2.7277e-10	-2.0726e-10	-1.3989e-10	-7.1115e-11	-1.2293e-12	6.9617e-11	1.4145e-10	2.1447e-10	2.891e-10	3.6592e-10	4.4579e-10	5.2975e-10	6.1913e-10	7.155e-10	8.2074e-10	9.3699e-10	7.3835e-10	2.3835e-10	-1.6058e-17	-3.4354e-17	-3.9446e-17	-3.5524e-17	-2.5903e-17	-1.3173e-17	6.7134e-19	1.4117e-17	2.6037e-17	3.5617e-17	4.2295e-17	4.5719e-17	4.5719e-17
-6.4263e-10	-6.4263e-10	-6.35e-10	-6.199e-10	-5.9762e-10	-5.6859e-10	-5.3336e-10	-4.9254e-10	-4.4681e-10	-3.9686e-10	-3.4339e-10	-2.8705e-10	-2.2844e-10	-1.6807e-10	-1.0633e-10	-4.3498e-11	2.028e-11	8.5028e-11	1.5093e-10	2.1837e-10	2.8791e-10	3.6035e-10	4.3672e-10	5.1831e-10	6.0669e-10	7.0377e-10	8.1175e-10	9.3325e-10	7.3835e-10	2.3835e-10	-1.1314e-17	-2.3457e-17	-2.5933e-17	-2.1978e-17	-1.415e-17	-4.4473e-18	5.6008e-18	1.4844e-17	2.2441e-17	2.781e-17	3.0584e-17	3.0584e-17
-6.0945e-10	-6.0945e-10	-6.0275e-10	-5.8947e-10	-5.6986e-10	-5.443e-10	-5.1324e-10	-4.7722e-10	-4.368e-10	-3.9261e-10	-3.4523e-10	-2.9526e-10	-2.432e-10	-1.8952e-10	-1.3458e-10	-7.863e-11	-2.1812e-11	3.5887e-11	9.463e-11	1.5475e-10	2.1679e-10	2.8147e-10	3.4977e-10	4.2294e-10	5.0253e-10	5.9041e-10	6.8885e-10	8.0055e-10	9.2864e-10	7.3835e-10	2.3835e-10	-7.6267e-18	-1.5171e-17	-1.593e-17	-1.2347e-17	-6.3445e-18	5.8918e-19	7.3277e-18	1.3043e-17	1.7157e-17	1.9302e-17	1.9302e-17
-5.7353e-10	-5.7353e-10	-5.6766e-10	-5.5604e-10	-5.3887e-10	-5.1647e-10	-4.8923e-10	-4.5761e-10	-4.2211e-10	-3.8325e-10	-3.4156e-10	-2.9755e-10	-2.5168e-10	-2.0437e-10	-1.5593e-10	-1.0663e-10	-5.6574e-11	-5.7866e-12	4.587e-11	9.8688e-11	1.5313e-10	2.0988e-10	2.6983e-10	3.3415e-10	4.0432e-10	4.8217e-10	5.6995e-10	6.7039e-10	7.8678e-10	9.2299e-10	7.3835e-10	2.3835e-10	-4.8541e-18	-9.138e-18	-8.9274e-18	-6.0034e-18	-1.751e-18	2.7754e-18	6.797e-18	9.7662e-18	1.1335e-17	1.1335e-17
-5.3487e-10	-5.3487e-10	-5.2977e-10	-5.1965e-10	-5.047e-10	-4.8518e-10	-4.6144e-10	-4.3387e-10	-4.029e-10	-3.6898e-10	-3.3257e-10	-2.9413e-10	-2.5407e-10	-2.1276e-10	-1.705e-10	-1.2752e-10	-8.3967e-11	-3.9856e-11	4.9071e-12	5.0559e-11	9.7502e-11	1.4632e-10	1.9783e-10	2.5308e-10	3.1345e-10	3.8067e-10	4.5691e-10	5.4487e-10	6.4788e-10	7.6998e-10	9.1607e-10	7.3835e-10	2.3835e-10	-2.8616e-18	-4.9959e-18	-4.3897e-18	-2.269e-18	4.3098e-19	3.0172e-18	5.0002e-18	6.0679e-18	6.0679e-18
-4.9352e-10	-4.9352e-10	-4.8911e-10	-4.8036e-10	-4.6744e-10	-4.5056e-10	-4.3002e-10	-4.0616e-10	-3.7935e-10	-3.4999e-10	-3.1848e-10	-2.8522e-10	-2.5057e-10	-2.1488e-10	-1.7842e-10	-1.4142e-10	-1.0402e-10	-6.6255e-11	-2.8084e-11	1.068e-11	5.0359e-11	9.1446e-11	1.3463e-10	1.8085e-10	2.3131e-10	2.8761e-10	3.5175e-10	4.2632e-10	5.1457e-10	6.2059e-10	7.4949e-10	9.0755e-10	7.3835e-10	2.3835e-10	-1.5168e-18	-2.378e-18	-1.7618e-18	-4.3863e-19	1.02e-18	2.2086e-18	2.8667e-18	2.8667e-18
-4.4958e-10	-4.4958e-10	-4.458e-10	-4.383e-10	-4.2722e-10	-4.1275e-10	-3.9515e-10	-3.7469e-10	-3.5171e-10	-3.2654e-10	-2.9955e-10	-2.7107e-10	-2.4145e-10	-2.1097e-10	-1.7992e-10	-1.4849e-10	-1.1683e-10	-8.5019e-11	-5.3036e-11	-2.0761e-11	1.205e-11	4.5783e-11	8.1e-11	1.1847e-10	1.5925e-10	2.0469e-10	2.5659e-10	3.1731e-10	3.8988e-10	4.7826e-10	5.8756e-10	7.2434e-10	8.9692e-10	7.3835e-10	2.3835e-10	-6.8703e-19	-9.1298e-19	-4.8673e-19	1.7667e-19	7.8014e-19	1.1299e-18	1.1299e-18
-4.0317e-10	-4.0317e-10	-3.9996e-10	-3.936e-10	-3.8421e-10	-3.7195e-10	-3.5703e-10	-3.397e-10	-3.2023e-10	-2.9892e-10	-2.7608e-10	-2.5201e-10	-2.2702e-10	-2.0136e-10	-1.7528e-10	-1.4899e-10	-1.2263e-10	-9.6303e-11	-7.0021e-11	-4.3724e-11	-1.7249e-11	9.6848e-12	3.7502e-11	6.6807e-11	9.843e-11	1.3349e-10	1.735e-10	2.2047e-10	2.7707e-10	3.4694e-10	4.3489e-10	5.4741e-10	6.9313e-10	8.8341e-10	7.3835e-10	2.3835e-10	-2.3988e-19	-2.378e-19	-4.0202e-20	1.8728e-19	3.3061e-19	3.3061e-19
-3.5447e-10	-3.5447e-10	-3.5179e-10	-3.4648e-10	-3.3863e-10	-3.2839e-10	-3.1593e-10	-3.0146e-10	-2.8522e-10	-2.6746e-10	-2.4843e-10	-2.2841e-10	-2.0766e-10	-1.8642e-10	-1.649e-10	-1.433e-10	-1.2176e-10	-1.0041e-10	-7.9279e-11	-5.8366e-11	-3.758e-11	-1.6741e-11	4.4418e-12	2.64e-11	4.9747e-11	7.5328e-11	1.0431e-10	1.3829e-10	1.7946e-10	2.3087e-10	2.9677e-10	3.8309e-10	4.9818e-10	6.5371e-10	8.6577e-10	7.3835e-10	2.3835e-10	-4.7596e-20	-2.0983e-20	1.9415e-20	4.9163e-20	4.9163e-20
-3.0369e-10	-3.0369e-10	-3.015e-10	-2.9715e-10	-2.9073e-10	-2.8235e-10	-2.7215e-10	-2.6032e-10	-2.4704e-10	-2.3253e-10	-2.1701e-10	-2.0071e-10	-1.8384e-10	-1.6662e-10	-1.4925e-10	-1.319e-10	-1.1471e-10	-9.7796e-11	-8.1239e-11	-6.5064e-11	-4.9243e-11	-3.3686e-11	-1.822e-11	-2.5744e-12	1.3654e-11	3.1038e-11	5.0387e-11	7.2842e-11	1.0002e-10	1.3423e-10	1.7883e-10	2.3873e-10	3.2121e-10	4.3713e-10	6.0271e-10	8.4183e-10	7.3835e-10	2.3835e-10	4.1877e-21	3.0931e-21	-7.2809e-21	-7.2809e-21
-2.5109e-10	-2.5109e-10	-2.4934e-10	-2.4589e-10	-2.4078e-10	-2.3412e-10	-2.2602e-10	-2.1662e-10	-2.0608e-10	-1.9458e-10	-1.8229e-10	-1.694e-10	-1.5609e-10	-1.4254e-10	-1.2893e-10	-1.154e-10	-1.0209e-10	-8.9105e-11	-7.6538e-11	-6.4442e-11	-5.2834e-11	-4.1691e-11	-3.0937e-11	-2.0433e-11	-9.9598e-12	8.1282e-13	1.2365e-11	2.5396e-11	4.0923e-11	6.0455e-11	8.6263e-11	1.2184e-10	1.7265e-10	2.4744e-10	3.6036e-10	5.3454e-10	8.0745e-10	7.3835e-10	2.3835e-10	3.797e-21	-3.797e-21	-3.797e-21
-1.9694e-10	-1.9694e-10	-1.9562e-10	-1.9299e-10	-1.8912e-10	-1.8406e-10	-1.7791e-10	-1.7078e-10	-1.6279e-10	-1.5407e-10	-1.4477e-10	-1.3503e-10	-1.25e-10	-1.1482e-10	-1.0462e-10	-9.4532e-11	-8.4673e-11	-7.5141e-11	-6.6021e-11	-5.7378e-11	-4.9255e-11	-4.1671e-11	-3.4617e-11	-2.8051e-11	-2.1886e-11	-1.5983e-11	-1.0124e-11	-3.9782e-12	2.9533e-12	1.1439e-11	2.2687e-11	3.8651e-11	6.2584e-11	1.0006e-10	1.6092e-10	2.6303e-10	4.3958e-10	7.5322e-10	7.3835e-10	2.3835e-10	0	0
-1.4157e-10	-1.4157e-10	-1.4064e-10	-1.388e-10	-1.3608e-10	-1.3254e-10	-1.2823e-10	-1.2323e-10	-1.1763e-10	-1.1153e-10	-1.0503e-10	-9.8234e-11	-9.1243e-11	-8.4163e-11	-7.7095e-11	-7.0134e-11	-6.3369e-11	-5.6879e-11	-5.0735e-11	-4.4996e-11	-3.9712e-11	-3.4919e-11	-3.0642e-11	-2.6891e-11	-2.3662e-11	-2.0929e-11	-1.8645e-11	-1.6725e-11	-1.5028e-11	-1.3322e-11	-1.1213e-11	-8.0053e-12	-2.4304e-12	7.9112e-12	2.7716e-11	6.6472e-11	1.4399e-10	3.0356e-10	6.4792e-10	6.9334e-10	2.8337e-10	2.8337e-10
-8.5306e-11	-8.5306e-11	-8.4756e-11	-8.3664e-11	-8.2053e-11	-7.9952e-11	-7.7399e-11	-7.444e-11	-7.1128e-11	-6.752e-11	-6.3676e-11	-5.9661e-11	-5.5537e-11	-5.1369e-11	-4.7217e-11	-4.3141e-11	-3.9196e-11	-3.5434e-11	-3.1901e-11	-2.864e-11	-2.5687e-11	-2.3074e-11	-2.083e-11	-1.8981e-11	-1.7548e-11	-1.6552e-11	-1.6016e-11	-1.596e-11	-1.6411e-11	-1.7392e-11	-1.8918e-11	-2.0967e-11	-2.3402e-11	-2.5765e-11	-2.6733e-11	-2.2677e-11	-3.8364e-12	5.591e-11	2.2685e-10	7.0368e-10	5.063e-10	5.063e-10
0	-2.8496e-11	-2.8314e-11	-2.7952e-11	-2.7419e-11	-2.6723e-11	-2.5877e-11	-2.4898e-11	-2.3801e-11	-2.2607e-11	-2.1336e-11	-2.0008e-11	-1.8645e-11	-1.7269e-11	-1.59e-11	-1.4559e-11	-1.3263e-11	-1.2032e-11	-1.088e-11	-9.8241e-12	-8.8769e-12	-8.0514e-12	-7.3593e-12	-6.8122e-12	-6.4224e-12	-6.2032e-12	-6.1713e-12	-6.3477e-12	-6.7613e-12	-7.4519e-12	-8.4742e-12	-9.8992e-12	-1.1805e-11	-1.4225e-11	-1.6945e-11	-1.8828e-11	-1.5697e-11	5.5737e-12	7.8929e-11	2.487e-10	2.2293e-10	0
-0	2.8496e-11	2.8314e-11	2.7952e-11	2.7419e-11	2.6723e-11	2.5877e-11	2.4898e-11	2.3801e-11	2.2607e-11	2.1336e-11	2.0008e-11	1.8645e-11	1.7269e-11	1.59e-11	1.4559e-11	1.3263e-11	1.2032e-11	1.088e-11	9.8241e-12	8.8769e-12	8.0514e-12	7.3593e-12	6.8122e-12	6.4224e-12	6.2032e-12	6.1713e-12	6.3477e-12	6.7613e-12	7.4519e-12	8.4742e-12	9.8992e-12	1.1805e-11	1.4225e-11	1.6945e-11	1.8828e-11	1.5697e-11	-5.5737e-12	-7.8929e-11	-2.487e-10	-2.2293e-10	-0
